

val(:,:,1,1) =

    0.0370    0.0227   -0.0121
    0.0185    0.0075    0.0173
   -0.0124    0.0111    0.0495


val(:,:,1,2) =

   -0.0610   -0.0376    0.0329
   -0.0411   -0.0092    0.0572
    0.0162    0.0570    0.0556


val(:,:,1,3) =

    0.2195    0.1561   -0.0375
    0.1891    0.1202   -0.0479
    0.1460    0.1728    0.0308


val(:,:,1,4) =

   -0.0595   -0.1034   -0.0733
    0.0197    0.0321    0.0499
    0.0694    0.1017    0.0791


val(:,:,1,5) =

   -0.0851   -0.0467    0.0020
    0.0301    0.0447    0.0512
    0.1065    0.0709    0.0558


val(:,:,1,6) =

   -0.0844    0.0050    0.1303
   -0.1113    0.0154    0.1184
   -0.0149    0.1130    0.0912


val(:,:,1,7) =

    0.1275   -0.0493   -0.1387
    0.1542    0.0844   -0.0550
    0.0025    0.0950    0.1331


val(:,:,1,8) =

    0.3147    0.2428    0.0193
    0.2115    0.2462    0.0449
    0.1651    0.2123    0.0809


val(:,:,1,9) =

    0.0116    0.0187   -0.0119
    0.0109   -0.0160   -0.0222
   -0.0261   -0.0156   -0.0123


val(:,:,1,10) =

   -0.0360    0.0110    0.0592
   -0.0327   -0.0245    0.0834
   -0.0372   -0.0300    0.0701


val(:,:,1,11) =

   -0.0085    0.0105    0.0346
    0.0940    0.1197    0.0526
    0.1668    0.1847    0.0573


val(:,:,1,12) =

    0.0230    0.0142    0.0142
   -0.0065    0.0068    0.0072
   -0.0052    0.0073   -0.0176


val(:,:,1,13) =

    0.1289    0.0969    0.0235
    0.0228    0.1157    0.0808
   -0.0130    0.0411    0.0612


val(:,:,1,14) =

   -0.0419   -0.0409    0.0281
   -0.0370   -0.0170    0.0392
    0.0153    0.0418    0.0635


val(:,:,1,15) =

   -0.0742   -0.0739   -0.0819
   -0.0865   -0.0686   -0.0811
   -0.0637   -0.0777   -0.0654


val(:,:,1,16) =

    0.0186    0.0690    0.0546
   -0.0334   -0.0183    0.0648
   -0.0582   -0.0601    0.0002

