

val(:,:,1,1) =

    0.0186   -0.0103   -0.0042
    0.0042    0.0175   -0.0060
   -0.0047   -0.0084   -0.0035


val(:,:,2,1) =

   -0.0002   -0.0136   -0.0092
    0.0092   -0.0027   -0.0065
    0.0169    0.0047   -0.0164


val(:,:,3,1) =

    0.0402    0.0192   -0.0044
    0.0454    0.0500   -0.0023
    0.0271    0.0378    0.0119


val(:,:,4,1) =

    0.0223    0.0062    0.0028
   -0.0030    0.0145    0.0112
    0.0031   -0.0020    0.0013


val(:,:,5,1) =

    0.0042    0.0163   -0.0071
    0.0038    0.0178    0.0093
   -0.0047   -0.0076    0.0050


val(:,:,6,1) =

    0.0273   -0.0134   -0.0260
    0.0317   -0.0001   -0.0101
    0.0515    0.0144   -0.0034


val(:,:,7,1) =

    0.0461    0.0297   -0.0033
    0.0290    0.0412    0.0073
    0.0216    0.0066    0.0421


val(:,:,8,1) =

    0.0504    0.0194   -0.0128
    0.0448    0.0353   -0.0162
    0.0299    0.0690    0.0172


val(:,:,9,1) =

    0.0117   -0.0052   -0.0055
   -0.0026   -0.0201   -0.0002
   -0.0007   -0.0093    0.0020


val(:,:,10,1) =

    0.0116    0.0007   -0.0117
    0.0270   -0.0068    0.0032
    0.0134   -0.0020    0.0053


val(:,:,11,1) =

    0.0254    0.0131   -0.0253
    0.0024    0.0207    0.0127
    0.0053    0.0021    0.0043


val(:,:,12,1) =

   -0.0015    0.0018   -0.0002
    0.0041    0.0054   -0.0014
   -0.0001   -0.0136    0.0056


val(:,:,13,1) =

    0.0219   -0.0070    0.0026
    0.0059    0.0115   -0.0006
    0.0082    0.0172    0.0153


val(:,:,14,1) =

   -0.0121   -0.0256   -0.0093
    0.0060    0.0005    0.0028
    0.0227   -0.0260   -0.0206


val(:,:,15,1) =

    0.0002    0.0096    0.0131
   -0.0083   -0.0098   -0.0086
    0.0008   -0.0092    0.0056


val(:,:,16,1) =

    0.0095   -0.0060   -0.0123
    0.0165   -0.0276   -0.0085
    0.0063    0.0230    0.0193


val(:,:,1,2) =

   -0.0096   -0.0059   -0.0053
   -0.0125   -0.0135   -0.0080
    0.0065    0.0163   -0.0134


val(:,:,2,2) =

   -0.0095   -0.0149    0.0180
    0.0200    0.0084    0.0085
    0.0210    0.0182   -0.0071


val(:,:,3,2) =

   -0.0245   -0.0340   -0.0320
   -0.0321   -0.0090    0.0161
    0.0273    0.0146    0.0310


val(:,:,4,2) =

    0.0045   -0.0029    0.0084
   -0.0128    0.0165    0.0120
    0.0165    0.0159   -0.0052


val(:,:,5,2) =

   -0.0143   -0.0179    0.0095
   -0.0084    0.0098    0.0072
    0.0285    0.0080   -0.0128


val(:,:,6,2) =

   -0.0270   -0.0200    0.0119
    0.0076    0.0204    0.0309
    0.0447    0.0315   -0.0056


val(:,:,7,2) =

   -0.0034   -0.0161   -0.0012
   -0.0140   -0.0019    0.0036
   -0.0108    0.0219    0.0039


val(:,:,8,2) =

   -0.0438   -0.0464   -0.0407
   -0.0420    0.0093    0.0214
    0.0244    0.0513    0.0204


val(:,:,9,2) =

   -0.0011   -0.0049    0.0027
    0.0164   -0.0032   -0.0048
    0.0150    0.0064    0.0147


val(:,:,10,2) =

   -0.0213   -0.0032    0.0102
    0.0238   -0.0057    0.0040
    0.0033   -0.0094   -0.0005


val(:,:,11,2) =

   -0.0158   -0.0067    0.0069
   -0.0010    0.0232    0.0142
    0.0495    0.0473    0.0062


val(:,:,12,2) =

   -0.0174    0.0145   -0.0085
    0.0048    0.0087    0.0024
    0.0199   -0.0074    0.0005


val(:,:,13,2) =

   -0.0049   -0.0142   -0.0262
    0.0016    0.0078   -0.0018
    0.0061    0.0177   -0.0011


val(:,:,14,2) =

   -0.0185    0.0116   -0.0033
    0.0032    0.0176    0.0123
    0.0143    0.0189    0.0163


val(:,:,15,2) =

    0.0146    0.0104    0.0134
    0.0266    0.0164   -0.0048
    0.0158   -0.0119   -0.0044


val(:,:,16,2) =

   -0.0071    0.0001   -0.0083
   -0.0151    0.0099    0.0000
   -0.0108   -0.0185    0.0042


val(:,:,1,3) =

    0.0159    0.0112   -0.0006
    0.0063    0.0138   -0.0042
   -0.0172   -0.0041   -0.0008


val(:,:,2,3) =

   -0.0084   -0.0127   -0.0096
    0.0174    0.0093   -0.0114
   -0.0048    0.0050    0.0015


val(:,:,3,3) =

    0.0434    0.0081    0.0071
    0.0288    0.0246    0.0141
    0.0278   -0.0107    0.0053


val(:,:,4,3) =

   -0.0134   -0.0149    0.0053
   -0.0268    0.0063   -0.0075
    0.0096   -0.0101    0.0009


val(:,:,5,3) =

    0.0043   -0.0006    0.0070
   -0.0120   -0.0042   -0.0269
   -0.0058   -0.0035   -0.0136


val(:,:,6,3) =

    0.0100   -0.0032   -0.0168
    0.0250   -0.0037   -0.0227
    0.0240    0.0218    0.0051


val(:,:,7,3) =

    0.0387    0.0284    0.0240
    0.0208    0.0236    0.0112
    0.0039    0.0233    0.0143


val(:,:,8,3) =

    0.0600    0.0368    0.0225
    0.0470    0.0466    0.0080
    0.0076    0.0188    0.0094


val(:,:,9,3) =

    0.0062    0.0028   -0.0026
   -0.0080   -0.0027   -0.0107
   -0.0129    0.0040    0.0061


val(:,:,10,3) =

    0.0179   -0.0023    0.0010
    0.0145   -0.0006    0.0080
    0.0066   -0.0078    0.0010


val(:,:,11,3) =

    0.0131    0.0105    0.0004
    0.0138    0.0162    0.0031
    0.0143   -0.0015    0.0074


val(:,:,12,3) =

   -0.0000    0.0058   -0.0235
    0.0084   -0.0054    0.0077
    0.0002   -0.0105    0.0038


val(:,:,13,3) =

    0.0257    0.0092    0.0053
    0.0194    0.0324   -0.0013
   -0.0171    0.0130   -0.0017


val(:,:,14,3) =

    0.0020   -0.0118    0.0063
    0.0047   -0.0068   -0.0029
   -0.0049    0.0098   -0.0158


val(:,:,15,3) =

   -0.0102   -0.0202   -0.0056
   -0.0051   -0.0205    0.0014
   -0.0098    0.0026    0.0076


val(:,:,16,3) =

    0.0115    0.0024    0.0117
    0.0156    0.0055    0.0151
    0.0098   -0.0035    0.0076


val(:,:,1,4) =

   -0.0029    0.0026    0.0005
   -0.0074    0.0051   -0.0032
   -0.0172    0.0094    0.0185


val(:,:,2,4) =

    0.0116   -0.0088    0.0105
    0.0257    0.0174    0.0012
    0.0056    0.0219    0.0030


val(:,:,3,4) =

   -0.0153    0.0044    0.0298
   -0.0348    0.0013    0.0327
   -0.0088    0.0374    0.0342


val(:,:,4,4) =

    0.0166    0.0151   -0.0092
   -0.0101    0.0104   -0.0159
    0.0394   -0.0134   -0.0048


val(:,:,5,4) =

   -0.0146   -0.0155   -0.0036
   -0.0111   -0.0173    0.0098
    0.0276    0.0083    0.0028


val(:,:,6,4) =

   -0.0095    0.0169    0.0242
    0.0037    0.0424    0.0162
    0.0109    0.0348    0.0221


val(:,:,7,4) =

   -0.0168   -0.0067    0.0106
   -0.0112   -0.0229    0.0244
    0.0007   -0.0064   -0.0044


val(:,:,8,4) =

   -0.0034    0.0038    0.0429
   -0.0259    0.0275    0.0402
   -0.0066    0.0319    0.0276


val(:,:,9,4) =

    0.0064    0.0029   -0.0012
    0.0028   -0.0071    0.0050
   -0.0020    0.0205    0.0098


val(:,:,10,4) =

   -0.0082    0.0041    0.0180
    0.0159    0.0160    0.0059
    0.0177    0.0019    0.0128


val(:,:,11,4) =

   -0.0070   -0.0053    0.0170
   -0.0081    0.0052    0.0228
    0.0106    0.0533    0.0164


val(:,:,12,4) =

    0.0242   -0.0057    0.0059
    0.0040    0.0003   -0.0066
    0.0058   -0.0094    0.0141


val(:,:,13,4) =

    0.0085   -0.0067    0.0055
   -0.0093    0.0080    0.0288
   -0.0070    0.0153    0.0091


val(:,:,14,4) =

    0.0009   -0.0040   -0.0097
    0.0037    0.0134   -0.0148
    0.0229    0.0053    0.0180


val(:,:,15,4) =

   -0.0158   -0.0225   -0.0130
    0.0357   -0.0068   -0.0073
    0.0084   -0.0122   -0.0271


val(:,:,16,4) =

    0.0049    0.0174    0.0002
    0.0135   -0.0021   -0.0065
   -0.0030   -0.0134    0.0180


val(:,:,1,5) =

   -0.0069    0.0184   -0.0028
   -0.0002    0.0065    0.0037
   -0.0156    0.0128    0.0128


val(:,:,2,5) =

   -0.0002   -0.0012   -0.0165
    0.0027   -0.0022    0.0001
   -0.0155   -0.0071   -0.0006


val(:,:,3,5) =

    0.0147    0.0192    0.0172
    0.0007   -0.0040   -0.0092
   -0.0173    0.0037   -0.0218


val(:,:,4,5) =

   -0.0025    0.0031    0.0043
    0.0072   -0.0083    0.0061
    0.0007   -0.0053    0.0043


val(:,:,5,5) =

    0.0068    0.0053   -0.0005
    0.0083   -0.0125   -0.0113
   -0.0027    0.0021    0.0045


val(:,:,6,5) =

    0.0070    0.0084   -0.0149
    0.0146   -0.0038   -0.0038
   -0.0005   -0.0128    0.0092


val(:,:,7,5) =

    0.0068    0.0110    0.0094
    0.0043   -0.0072   -0.0041
   -0.0069   -0.0108   -0.0325


val(:,:,8,5) =

    0.0356    0.0217    0.0085
   -0.0154   -0.0036   -0.0090
   -0.0091   -0.0140   -0.0166


val(:,:,9,5) =

   -0.0039    0.0171   -0.0072
    0.0042    0.0317   -0.0094
   -0.0019   -0.0080   -0.0094


val(:,:,10,5) =

    0.0015   -0.0116   -0.0128
    0.0007    0.0146   -0.0071
   -0.0015    0.0089   -0.0080


val(:,:,11,5) =

    0.0071    0.0131   -0.0009
   -0.0155   -0.0096   -0.0044
   -0.0117   -0.0021   -0.0006


val(:,:,12,5) =

   -0.0052   -0.0264    0.0095
    0.0142   -0.0062   -0.0144
    0.0052    0.0057    0.0173


val(:,:,13,5) =

    0.0084    0.0046   -0.0073
   -0.0181    0.0163    0.0008
   -0.0094   -0.0259    0.0056


val(:,:,14,5) =

   -0.0143   -0.0075    0.0044
    0.0112   -0.0041   -0.0022
   -0.0147    0.0085    0.0067


val(:,:,15,5) =

   -0.0051   -0.0186   -0.0080
    0.0218   -0.0045    0.0120
    0.0085   -0.0038   -0.0073


val(:,:,16,5) =

    0.0039    0.0035   -0.0167
    0.0010   -0.0046   -0.0002
   -0.0099    0.0180   -0.0064


val(:,:,1,6) =

   -0.0024    0.0017   -0.0089
   -0.0171    0.0109   -0.0127
    0.0085    0.0074   -0.0041


val(:,:,2,6) =

    0.0055   -0.0234    0.0050
   -0.0106   -0.0114    0.0127
   -0.0036    0.0037    0.0058


val(:,:,3,6) =

    0.0028    0.0092   -0.0001
   -0.0081    0.0049   -0.0119
   -0.0176    0.0057    0.0181


val(:,:,4,6) =

    0.0101   -0.0016    0.0059
   -0.0014    0.0073   -0.0182
   -0.0063    0.0139    0.0091


val(:,:,5,6) =

   -0.0299   -0.0000    0.0072
   -0.0148    0.0000    0.0004
   -0.0081   -0.0003    0.0134


val(:,:,6,6) =

   -0.0003    0.0096   -0.0059
   -0.0088   -0.0077   -0.0097
   -0.0129    0.0045    0.0074


val(:,:,7,6) =

   -0.0094    0.0169    0.0038
    0.0103    0.0084   -0.0109
    0.0131    0.0132    0.0046


val(:,:,8,6) =

    0.0035   -0.0155   -0.0073
   -0.0088   -0.0045   -0.0050
    0.0016    0.0058    0.0229


val(:,:,9,6) =

   -0.0021   -0.0012    0.0002
    0.0095    0.0012   -0.0069
    0.0103    0.0092   -0.0059


val(:,:,10,6) =

   -0.0068   -0.0226   -0.0005
   -0.0114   -0.0033   -0.0042
    0.0115    0.0020   -0.0129


val(:,:,11,6) =

   -0.0048   -0.0050   -0.0120
   -0.0085    0.0046   -0.0102
    0.0081    0.0009   -0.0048


val(:,:,12,6) =

   -0.0081    0.0040    0.0003
   -0.0062    0.0021    0.0097
   -0.0010    0.0086   -0.0015


val(:,:,13,6) =

   -0.0030    0.0006   -0.0125
    0.0088   -0.0054   -0.0053
    0.0045    0.0016    0.0083


val(:,:,14,6) =

    0.0162    0.0007   -0.0018
   -0.0041    0.0001   -0.0209
   -0.0052   -0.0004    0.0151


val(:,:,15,6) =

    0.0057   -0.0050    0.0162
   -0.0064   -0.0159   -0.0114
   -0.0084   -0.0025   -0.0183


val(:,:,16,6) =

   -0.0007   -0.0083    0.0005
   -0.0139    0.0034    0.0028
   -0.0027   -0.0038    0.0046


val(:,:,1,7) =

    0.0036    0.0007   -0.0126
   -0.0043   -0.0113    0.0104
   -0.0253    0.0042   -0.0094


val(:,:,2,7) =

   -0.0101   -0.0046   -0.0005
    0.0036    0.0254    0.0147
    0.0252    0.0087    0.0039


val(:,:,3,7) =

   -0.0115   -0.0142    0.0140
   -0.0116   -0.0012    0.0295
   -0.0220    0.0021    0.0005


val(:,:,4,7) =

   -0.0001    0.0000    0.0073
   -0.0133    0.0109    0.0157
    0.0014    0.0030    0.0111


val(:,:,5,7) =

   -0.0107   -0.0027    0.0127
    0.0001    0.0027   -0.0015
    0.0181    0.0170   -0.0009


val(:,:,6,7) =

   -0.0191   -0.0085    0.0113
   -0.0059    0.0203    0.0078
    0.0102    0.0006   -0.0190


val(:,:,7,7) =

   -0.0066   -0.0123    0.0055
   -0.0163   -0.0118    0.0049
   -0.0174   -0.0069   -0.0041


val(:,:,8,7) =

   -0.0143   -0.0270    0.0301
   -0.0159   -0.0218    0.0279
   -0.0027   -0.0109    0.0145


val(:,:,9,7) =

    0.0157   -0.0155    0.0156
   -0.0044   -0.0003    0.0026
   -0.0087    0.0091   -0.0016


val(:,:,10,7) =

   -0.0028    0.0024    0.0135
   -0.0101   -0.0068    0.0219
    0.0007   -0.0014    0.0068


val(:,:,11,7) =

    0.0118   -0.0106    0.0127
   -0.0115    0.0027    0.0093
    0.0039   -0.0088   -0.0041


val(:,:,12,7) =

   -0.0036    0.0125   -0.0160
   -0.0028   -0.0038    0.0025
    0.0003    0.0005    0.0009


val(:,:,13,7) =

   -0.0121   -0.0089   -0.0020
   -0.0019   -0.0148    0.0092
   -0.0027    0.0092    0.0026


val(:,:,14,7) =

    0.0029    0.0169   -0.0036
    0.0073    0.0116    0.0006
   -0.0122   -0.0072   -0.0045


val(:,:,15,7) =

    0.0335    0.0314    0.0185
    0.0329    0.0183   -0.0078
    0.0157    0.0211    0.0198


val(:,:,16,7) =

   -0.0004   -0.0050    0.0017
   -0.0064   -0.0058    0.0048
    0.0070    0.0070    0.0135


val(:,:,1,8) =

    0.0015   -0.0091    0.0037
    0.0039    0.0065    0.0061
    0.0049   -0.0025    0.0022


val(:,:,2,8) =

   -0.0077    0.0030   -0.0033
    0.0075    0.0074    0.0063
    0.0147    0.0076   -0.0106


val(:,:,3,8) =

    0.0403   -0.0031   -0.0197
   -0.0017    0.0207   -0.0063
   -0.0337   -0.0118    0.0217


val(:,:,4,8) =

    0.0199    0.0263    0.0217
    0.0038   -0.0021    0.0299
   -0.0172    0.0037    0.0095


val(:,:,5,8) =

    0.0210    0.0200    0.0334
   -0.0197   -0.0091    0.0216
    0.0040    0.0011    0.0196


val(:,:,6,8) =

    0.0058   -0.0118   -0.0080
   -0.0100   -0.0085    0.0107
   -0.0240    0.0001    0.0366


val(:,:,7,8) =

    0.0276    0.0135    0.0134
   -0.0020    0.0245    0.0177
    0.0223   -0.0056    0.0224


val(:,:,8,8) =

    0.0412    0.0025   -0.0205
   -0.0017    0.0126    0.0271
   -0.0419   -0.0271    0.0331


val(:,:,9,8) =

   -0.0102    0.0065    0.0079
    0.0113   -0.0084    0.0002
    0.0195   -0.0042    0.0107


val(:,:,10,8) =

   -0.0039   -0.0109   -0.0063
    0.0212   -0.0069   -0.0001
   -0.0038    0.0168    0.0025


val(:,:,11,8) =

    0.0091    0.0367   -0.0115
   -0.0221    0.0016    0.0257
   -0.0101    0.0056    0.0248


val(:,:,12,8) =

    0.0086   -0.0015   -0.0050
    0.0065    0.0084    0.0128
   -0.0192   -0.0174    0.0024


val(:,:,13,8) =

    0.0324    0.0049   -0.0252
    0.0031    0.0228    0.0125
    0.0011   -0.0167    0.0088


val(:,:,14,8) =

   -0.0163   -0.0086    0.0054
   -0.0075   -0.0125   -0.0019
   -0.0033    0.0093    0.0178


val(:,:,15,8) =

   -0.0099    0.0102    0.0033
   -0.0124   -0.0240   -0.0121
    0.0188    0.0231   -0.0006


val(:,:,16,8) =

    0.0037    0.0043   -0.0069
    0.0267    0.0121    0.0023
    0.0143   -0.0098   -0.0145


val(:,:,1,9) =

   -0.0154   -0.0113    0.0043
   -0.0002    0.0010    0.0283
   -0.0108    0.0040    0.0077


val(:,:,2,9) =

   -0.0075    0.0410    0.0224
    0.0127    0.0299    0.0102
    0.0154   -0.0004    0.0066


val(:,:,3,9) =

   -0.0339   -0.0277    0.0625
   -0.0082    0.0193    0.0535
    0.0246    0.0240    0.0221


val(:,:,4,9) =

    0.0054   -0.0053   -0.0015
    0.0297    0.0288   -0.0012
    0.0161   -0.0022    0.0053


val(:,:,5,9) =

   -0.0056   -0.0048    0.0172
    0.0060    0.0202    0.0079
    0.0156   -0.0049   -0.0100


val(:,:,6,9) =

   -0.0163    0.0451    0.0427
    0.0229    0.0434    0.0063
   -0.0084    0.0027    0.0128


val(:,:,7,9) =

   -0.0092   -0.0246    0.0249
    0.0019   -0.0141    0.0225
   -0.0069   -0.0015    0.0007


val(:,:,8,9) =

   -0.0710   -0.0408    0.0829
   -0.0119    0.0238    0.0652
    0.0479    0.0539    0.0392


val(:,:,9,9) =

    0.0064   -0.0071    0.0090
    0.0054    0.0003   -0.0257
    0.0066    0.0076   -0.0092


val(:,:,10,9) =

    0.0091    0.0225    0.0174
    0.0093    0.0272   -0.0141
    0.0035   -0.0036    0.0038


val(:,:,11,9) =

   -0.0184    0.0049    0.0364
    0.0330    0.0409    0.0294
    0.0195    0.0062    0.0040


val(:,:,12,9) =

   -0.0067   -0.0052    0.0171
   -0.0079   -0.0091   -0.0026
   -0.0095    0.0010    0.0100


val(:,:,13,9) =

   -0.0161   -0.0125    0.0358
    0.0086    0.0028    0.0004
    0.0160    0.0008    0.0014


val(:,:,14,9) =

   -0.0016    0.0291    0.0260
    0.0153    0.0210    0.0099
   -0.0108    0.0029    0.0169


val(:,:,15,9) =

    0.0260    0.0109   -0.0292
   -0.0078   -0.0237   -0.0164
   -0.0117   -0.0143    0.0041


val(:,:,16,9) =

   -0.0094    0.0152   -0.0059
   -0.0100    0.0047    0.0001
    0.0128   -0.0110    0.0033


val(:,:,1,10) =

   -0.0070    0.0093   -0.0124
   -0.0204    0.0054    0.0076
    0.0122   -0.0037   -0.0069


val(:,:,2,10) =

   -0.0078   -0.0004   -0.0013
    0.0164    0.0191    0.0085
    0.0276    0.0076   -0.0103


val(:,:,3,10) =

    0.0015   -0.0150    0.0108
   -0.0228    0.0107    0.0356
    0.0091    0.0365    0.0387


val(:,:,4,10) =

    0.0021   -0.0026   -0.0057
   -0.0004    0.0045   -0.0017
    0.0344    0.0077   -0.0039


val(:,:,5,10) =

   -0.0216   -0.0059    0.0139
   -0.0048    0.0004   -0.0026
    0.0138    0.0253   -0.0008


val(:,:,6,10) =

   -0.0181   -0.0034    0.0223
   -0.0013    0.0254    0.0197
    0.0242    0.0366    0.0090


val(:,:,7,10) =

   -0.0041    0.0102    0.0162
   -0.0330   -0.0090   -0.0083
    0.0035    0.0047    0.0068


val(:,:,8,10) =

   -0.0250   -0.0207    0.0198
   -0.0373   -0.0015    0.0415
    0.0390    0.0631    0.0398


val(:,:,9,10) =

    0.0080    0.0028    0.0028
   -0.0028    0.0109    0.0132
   -0.0126   -0.0061    0.0014


val(:,:,10,10) =

    0.0004   -0.0038    0.0268
   -0.0011   -0.0049    0.0077
   -0.0022    0.0024    0.0166


val(:,:,11,10) =

   -0.0223   -0.0218    0.0216
   -0.0169    0.0023    0.0280
    0.0605    0.0597    0.0132


val(:,:,12,10) =

    0.0101    0.0134   -0.0130
    0.0054    0.0127    0.0141
    0.0069    0.0036   -0.0088


val(:,:,13,10) =

   -0.0307   -0.0111    0.0092
   -0.0105   -0.0005    0.0052
    0.0094    0.0259    0.0077


val(:,:,14,10) =

   -0.0209   -0.0073    0.0163
   -0.0083    0.0379    0.0064
    0.0088    0.0188   -0.0056


val(:,:,15,10) =

    0.0072   -0.0194   -0.0209
    0.0111    0.0129   -0.0039
   -0.0162   -0.0025   -0.0184


val(:,:,16,10) =

   -0.0065    0.0008   -0.0184
   -0.0144   -0.0221   -0.0093
   -0.0123   -0.0071   -0.0113


val(:,:,1,11) =

    0.0121    0.0049   -0.0185
   -0.0078   -0.0016   -0.0050
   -0.0044   -0.0046    0.0109


val(:,:,2,11) =

    0.0064   -0.0009   -0.0278
   -0.0039    0.0111   -0.0142
    0.0144    0.0019    0.0132


val(:,:,3,11) =

   -0.0102    0.0214   -0.0158
   -0.0095    0.0131   -0.0104
    0.0069    0.0104   -0.0118


val(:,:,4,11) =

   -0.0018   -0.0119    0.0072
    0.0232   -0.0126    0.0003
    0.0057   -0.0143   -0.0155


val(:,:,5,11) =

    0.0104   -0.0086   -0.0136
   -0.0059    0.0051   -0.0112
    0.0022   -0.0092    0.0147


val(:,:,6,11) =

   -0.0147    0.0121   -0.0021
    0.0245    0.0195   -0.0105
    0.0035   -0.0127   -0.0155


val(:,:,7,11) =

   -0.0073    0.0087    0.0018
   -0.0074    0.0049    0.0123
   -0.0070    0.0051    0.0116


val(:,:,8,11) =

   -0.0147    0.0380   -0.0079
   -0.0041    0.0350    0.0032
    0.0160    0.0083   -0.0242


val(:,:,9,11) =

   -0.0030   -0.0131    0.0036
   -0.0083   -0.0053   -0.0031
    0.0149    0.0029   -0.0095


val(:,:,10,11) =

    0.0009   -0.0116    0.0001
    0.0023    0.0036   -0.0050
   -0.0107    0.0078   -0.0099


val(:,:,11,11) =

   -0.0226    0.0027   -0.0011
   -0.0057    0.0163   -0.0032
   -0.0026   -0.0023   -0.0228


val(:,:,12,11) =

    0.0077   -0.0066    0.0054
   -0.0111    0.0062   -0.0086
   -0.0042   -0.0174   -0.0094


val(:,:,13,11) =

   -0.0151   -0.0050   -0.0172
   -0.0091    0.0145    0.0028
   -0.0126    0.0000   -0.0006


val(:,:,14,11) =

    0.0056   -0.0073   -0.0100
    0.0010   -0.0055    0.0014
    0.0093   -0.0073    0.0056


val(:,:,15,11) =

   -0.0224    0.0063    0.0122
   -0.0083    0.0089    0.0091
   -0.0184   -0.0100    0.0049


val(:,:,16,11) =

    0.0112   -0.0069   -0.0034
    0.0054    0.0124   -0.0081
    0.0010   -0.0088    0.0061


val(:,:,1,12) =

    0.0102   -0.0145   -0.0072
    0.0126    0.0029    0.0008
    0.0135   -0.0006   -0.0033


val(:,:,2,12) =

   -0.0063   -0.0090   -0.0115
   -0.0065   -0.0022   -0.0163
   -0.0109    0.0007   -0.0109


val(:,:,3,12) =

    0.0084    0.0140    0.0000
    0.0150   -0.0068   -0.0208
   -0.0196   -0.0158   -0.0160


val(:,:,4,12) =

   -0.0028   -0.0178   -0.0045
   -0.0230   -0.0214   -0.0056
   -0.0106   -0.0111    0.0214


val(:,:,5,12) =

    0.0013    0.0056   -0.0161
   -0.0056   -0.0116   -0.0057
    0.0049   -0.0031   -0.0036


val(:,:,6,12) =

    0.0325   -0.0123    0.0159
    0.0068   -0.0094   -0.0070
   -0.0160    0.0014   -0.0012


val(:,:,7,12) =

   -0.0215    0.0095    0.0086
    0.0115    0.0042   -0.0048
    0.0011   -0.0244   -0.0069


val(:,:,8,12) =

   -0.0012    0.0225   -0.0206
    0.0187    0.0126   -0.0140
    0.0118   -0.0143   -0.0133


val(:,:,9,12) =

   -0.0104   -0.0075   -0.0070
   -0.0019    0.0004   -0.0023
   -0.0141    0.0014   -0.0005


val(:,:,10,12) =

    0.0001    0.0046   -0.0067
    0.0064    0.0132    0.0047
   -0.0110    0.0156   -0.0091


val(:,:,11,12) =

    0.0102   -0.0061   -0.0044
   -0.0123   -0.0227    0.0063
   -0.0230    0.0007    0.0024


val(:,:,12,12) =

    0.0065   -0.0002    0.0067
   -0.0100   -0.0073   -0.0027
    0.0085    0.0107    0.0023


val(:,:,13,12) =

   -0.0040   -0.0010   -0.0081
   -0.0080   -0.0079   -0.0073
    0.0001    0.0007    0.0161


val(:,:,14,12) =

   -0.0179    0.0195    0.0001
   -0.0063   -0.0034   -0.0000
   -0.0136    0.0152   -0.0120


val(:,:,15,12) =

   -0.0101    0.0243    0.0111
    0.0014   -0.0043    0.0048
   -0.0025    0.0187   -0.0047


val(:,:,16,12) =

   -0.0088    0.0136   -0.0023
   -0.0088   -0.0114   -0.0020
   -0.0145   -0.0142   -0.0146


val(:,:,1,13) =

   -0.0029   -0.0050   -0.0060
    0.0073    0.0093   -0.0003
    0.0188   -0.0121   -0.0226


val(:,:,2,13) =

    0.0001    0.0085   -0.0037
   -0.0074    0.0021   -0.0147
   -0.0115   -0.0087   -0.0091


val(:,:,3,13) =

    0.0426   -0.0207   -0.0235
    0.0575    0.0040   -0.0064
    0.0359    0.0109    0.0245


val(:,:,4,13) =

   -0.0002   -0.0091   -0.0099
    0.0154    0.0014   -0.0005
   -0.0039    0.0213    0.0163


val(:,:,5,13) =

   -0.0053   -0.0142   -0.0069
   -0.0062   -0.0033    0.0074
   -0.0023    0.0133   -0.0079


val(:,:,6,13) =

   -0.0016   -0.0197   -0.0052
   -0.0084   -0.0023   -0.0044
    0.0090    0.0078    0.0093


val(:,:,7,13) =

    0.0230   -0.0102   -0.0026
    0.0345   -0.0086    0.0020
    0.0088    0.0210    0.0417


val(:,:,8,13) =

    0.0286   -0.0317   -0.0338
    0.0513   -0.0055   -0.0354
    0.0425    0.0169    0.0012


val(:,:,9,13) =

    0.0256   -0.0069   -0.0108
   -0.0081   -0.0016   -0.0247
   -0.0091    0.0096   -0.0025


val(:,:,10,13) =

    0.0087    0.0088   -0.0006
   -0.0211   -0.0004    0.0025
    0.0162   -0.0161    0.0106


val(:,:,11,13) =

    0.0160   -0.0263   -0.0139
    0.0249    0.0128   -0.0041
    0.0216   -0.0076    0.0193


val(:,:,12,13) =

   -0.0089    0.0032   -0.0062
    0.0021    0.0068    0.0096
    0.0152    0.0004    0.0058


val(:,:,13,13) =

    0.0166    0.0019   -0.0025
    0.0078   -0.0156    0.0041
    0.0199    0.0160    0.0208


val(:,:,14,13) =

    0.0102   -0.0167   -0.0117
   -0.0121    0.0074   -0.0022
   -0.0180   -0.0054    0.0015


val(:,:,15,13) =

   -0.0177   -0.0018    0.0005
   -0.0094    0.0111    0.0199
   -0.0236   -0.0147    0.0056


val(:,:,16,13) =

    0.0034   -0.0083   -0.0050
    0.0039    0.0066    0.0202
    0.0031    0.0071   -0.0041


val(:,:,1,14) =

   -0.0093    0.0029   -0.0101
   -0.0082    0.0067   -0.0105
   -0.0253    0.0028    0.0098


val(:,:,2,14) =

   -0.0122    0.0142    0.0088
    0.0026    0.0066    0.0274
   -0.0072    0.0213    0.0172


val(:,:,3,14) =

   -0.0134   -0.0420    0.0392
   -0.0064   -0.0233    0.0403
   -0.0208    0.0068    0.0603


val(:,:,4,14) =

    0.0000    0.0021   -0.0045
   -0.0295   -0.0135   -0.0111
    0.0054    0.0263   -0.0192


val(:,:,5,14) =

   -0.0032   -0.0162    0.0044
   -0.0055   -0.0104    0.0074
    0.0250    0.0136    0.0239


val(:,:,6,14) =

   -0.0060    0.0088    0.0597
   -0.0215    0.0351    0.0344
    0.0235    0.0619    0.0269


val(:,:,7,14) =

   -0.0165   -0.0286    0.0046
   -0.0148   -0.0254    0.0038
   -0.0024   -0.0086    0.0080


val(:,:,8,14) =

   -0.0444   -0.0335    0.0575
   -0.0425   -0.0350    0.0652
   -0.0261    0.0055    0.0709


val(:,:,9,14) =

   -0.0011   -0.0014    0.0008
    0.0009    0.0082   -0.0055
    0.0055   -0.0106    0.0024


val(:,:,10,14) =

   -0.0134    0.0057    0.0203
    0.0009    0.0399    0.0051
   -0.0255    0.0337   -0.0009


val(:,:,11,14) =

   -0.0161   -0.0178    0.0299
   -0.0128   -0.0175    0.0202
    0.0224    0.0215    0.0357


val(:,:,12,14) =

   -0.0110    0.0031    0.0046
    0.0064   -0.0113   -0.0072
   -0.0146    0.0298   -0.0014


val(:,:,13,14) =

    0.0045   -0.0015    0.0290
   -0.0121   -0.0144    0.0152
   -0.0240   -0.0114   -0.0036


val(:,:,14,14) =

    0.0112    0.0113    0.0161
    0.0036    0.0229    0.0084
   -0.0059    0.0167    0.0024


val(:,:,15,14) =

   -0.0081   -0.0008   -0.0216
    0.0255    0.0011   -0.0336
    0.0120    0.0031   -0.0200


val(:,:,16,14) =

    0.0066   -0.0142    0.0081
   -0.0076   -0.0131   -0.0207
   -0.0213    0.0057   -0.0123


val(:,:,1,15) =

    0.0030   -0.0071    0.0066
   -0.0071   -0.0117   -0.0047
    0.0026   -0.0099   -0.0037


val(:,:,2,15) =

   -0.0015    0.0071    0.0022
   -0.0101    0.0099   -0.0076
   -0.0054   -0.0003   -0.0042


val(:,:,3,15) =

   -0.0072    0.0129   -0.0006
    0.0020   -0.0126   -0.0003
   -0.0048    0.0008    0.0011


val(:,:,4,15) =

   -0.0236    0.0189   -0.0070
   -0.0029    0.0102   -0.0025
   -0.0068   -0.0016    0.0030


val(:,:,5,15) =

    0.0085   -0.0037   -0.0119
   -0.0019    0.0108    0.0111
    0.0085   -0.0044    0.0100


val(:,:,6,15) =

   -0.0063   -0.0009    0.0016
   -0.0070    0.0021   -0.0093
    0.0126    0.0113   -0.0016


val(:,:,7,15) =

    0.0099   -0.0021    0.0106
   -0.0077   -0.0106    0.0030
    0.0103   -0.0100    0.0026


val(:,:,8,15) =

   -0.0198    0.0068    0.0137
    0.0064    0.0105   -0.0142
   -0.0041   -0.0140   -0.0190


val(:,:,9,15) =

    0.0131   -0.0098    0.0047
    0.0011    0.0035   -0.0085
    0.0048   -0.0077    0.0037


val(:,:,10,15) =

    0.0274   -0.0008    0.0114
    0.0079   -0.0151    0.0116
   -0.0057    0.0009   -0.0060


val(:,:,11,15) =

   -0.0001   -0.0071   -0.0028
    0.0013   -0.0083   -0.0048
    0.0002   -0.0006    0.0062


val(:,:,12,15) =

    0.0070    0.0127    0.0053
   -0.0009   -0.0060   -0.0027
    0.0030    0.0035   -0.0025


val(:,:,13,15) =

   -0.0010    0.0018    0.0184
   -0.0097   -0.0083   -0.0185
    0.0138   -0.0038    0.0056


val(:,:,14,15) =

    0.0076    0.0182   -0.0065
    0.0072   -0.0030   -0.0002
   -0.0135    0.0032   -0.0131


val(:,:,15,15) =

   -0.0011    0.0047    0.0021
   -0.0040    0.0025   -0.0264
    0.0008    0.0108   -0.0051


val(:,:,16,15) =

    0.0113   -0.0064    0.0076
    0.0100    0.0131    0.0029
    0.0194    0.0016    0.0043


val(:,:,1,16) =

    0.0010   -0.0124   -0.0251
   -0.0046   -0.0149    0.0027
   -0.0239   -0.0033    0.0112


val(:,:,2,16) =

   -0.0119   -0.0012   -0.0063
   -0.0007    0.0095   -0.0120
   -0.0066   -0.0015    0.0009


val(:,:,3,16) =

   -0.0032    0.0134    0.0064
    0.0017    0.0168    0.0050
   -0.0004   -0.0009    0.0130


val(:,:,4,16) =

    0.0029   -0.0046   -0.0040
   -0.0101   -0.0019    0.0007
    0.0036    0.0212   -0.0208


val(:,:,5,16) =

    0.0085   -0.0008   -0.0147
    0.0159   -0.0073   -0.0021
   -0.0138   -0.0204    0.0022


val(:,:,6,16) =

    0.0109    0.0232    0.0056
   -0.0030   -0.0046    0.0013
   -0.0053   -0.0037   -0.0019


val(:,:,7,16) =

   -0.0056    0.0012    0.0057
   -0.0063    0.0111   -0.0200
    0.0117    0.0183    0.0225


val(:,:,8,16) =

   -0.0140   -0.0082    0.0119
    0.0009    0.0229   -0.0059
   -0.0043    0.0110    0.0185


val(:,:,9,16) =

   -0.0005   -0.0007   -0.0065
   -0.0027   -0.0110   -0.0051
    0.0106    0.0046   -0.0056


val(:,:,10,16) =

    0.0125   -0.0009   -0.0061
    0.0033    0.0080   -0.0240
   -0.0103    0.0033   -0.0123


val(:,:,11,16) =

   -0.0012   -0.0005    0.0086
   -0.0186   -0.0042   -0.0191
   -0.0086   -0.0067    0.0141


val(:,:,12,16) =

   -0.0031    0.0056    0.0083
   -0.0029    0.0314    0.0108
    0.0061   -0.0139    0.0068


val(:,:,13,16) =

   -0.0006    0.0109   -0.0029
    0.0063    0.0062   -0.0032
   -0.0290    0.0143    0.0023


val(:,:,14,16) =

   -0.0121    0.0029   -0.0006
    0.0168   -0.0058   -0.0226
   -0.0220    0.0076    0.0137


val(:,:,15,16) =

   -0.0072    0.0024    0.0150
   -0.0153   -0.0047   -0.0001
   -0.0063   -0.0291    0.0097


val(:,:,16,16) =

    0.0095    0.0140   -0.0137
    0.0054   -0.0135   -0.0061
    0.0032   -0.0018   -0.0151


val(:,:,1,17) =

    0.0239    0.0068   -0.0171
    0.0141    0.0307   -0.0109
    0.0035    0.0033    0.0134


val(:,:,2,17) =

   -0.0043   -0.0093    0.0063
    0.0031   -0.0286   -0.0185
    0.0055    0.0034    0.0091


val(:,:,3,17) =

    0.0536    0.0101   -0.0333
    0.0154    0.0781   -0.0023
   -0.0453    0.0494    0.0342


val(:,:,4,17) =

    0.0198    0.0292    0.0015
   -0.0203    0.0241   -0.0085
   -0.0198   -0.0117    0.0332


val(:,:,5,17) =

    0.0099    0.0080   -0.0224
   -0.0244    0.0127   -0.0042
   -0.0363   -0.0145    0.0192


val(:,:,6,17) =

    0.0018   -0.0155   -0.0226
    0.0245    0.0003   -0.0188
    0.0281    0.0171    0.0000


val(:,:,7,17) =

    0.0554    0.0086   -0.0065
    0.0453    0.0723    0.0477
   -0.0131    0.0619    0.0488


val(:,:,8,17) =

    0.0523    0.0112   -0.0441
    0.0439    0.0921   -0.0438
   -0.0588    0.0987    0.0481


val(:,:,9,17) =

   -0.0042   -0.0059    0.0035
   -0.0154   -0.0136   -0.0130
   -0.0063   -0.0250   -0.0006


val(:,:,10,17) =

   -0.0159   -0.0011   -0.0137
    0.0280   -0.0011   -0.0052
    0.0162    0.0109   -0.0032


val(:,:,11,17) =

    0.0188   -0.0099   -0.0292
   -0.0038    0.0113    0.0008
   -0.0590    0.0130    0.0582


val(:,:,12,17) =

    0.0040   -0.0168    0.0042
    0.0076    0.0146   -0.0222
   -0.0020    0.0162    0.0087


val(:,:,13,17) =

    0.0271   -0.0104   -0.0253
    0.0557    0.0218   -0.0061
   -0.0094    0.0283    0.0450


val(:,:,14,17) =

   -0.0151   -0.0231   -0.0147
   -0.0032   -0.0066    0.0093
   -0.0021   -0.0047    0.0078


val(:,:,15,17) =

   -0.0204   -0.0111    0.0068
   -0.0124   -0.0271    0.0010
   -0.0024   -0.0420   -0.0208


val(:,:,16,17) =

    0.0052   -0.0084    0.0083
    0.0510    0.0177   -0.0020
    0.0324    0.0362   -0.0035


val(:,:,1,18) =

    0.0078    0.0179   -0.0101
    0.0067   -0.0016    0.0145
   -0.0098    0.0097   -0.0008


val(:,:,2,18) =

   -0.0060    0.0161    0.0238
    0.0080    0.0167   -0.0040
   -0.0035   -0.0017   -0.0073


val(:,:,3,18) =

   -0.0054   -0.0104   -0.0087
    0.0003    0.0164   -0.0033
    0.0032    0.0095   -0.0011


val(:,:,4,18) =

    0.0074   -0.0286    0.0094
    0.0036    0.0251   -0.0112
    0.0071   -0.0093    0.0128


val(:,:,5,18) =

   -0.0069    0.0024    0.0002
    0.0280   -0.0031    0.0045
   -0.0016   -0.0033    0.0023


val(:,:,6,18) =

   -0.0158    0.0013   -0.0037
   -0.0080   -0.0115    0.0153
    0.0054    0.0148   -0.0029


val(:,:,7,18) =

    0.0267   -0.0121    0.0014
    0.0163    0.0133    0.0074
    0.0059    0.0264    0.0195


val(:,:,8,18) =

    0.0142   -0.0023    0.0089
    0.0167    0.0114    0.0051
    0.0053    0.0020    0.0161


val(:,:,9,18) =

    0.0104    0.0012   -0.0161
   -0.0189    0.0040    0.0180
    0.0118    0.0085   -0.0025


val(:,:,10,18) =

   -0.0235    0.0010   -0.0107
   -0.0143   -0.0013    0.0045
    0.0150    0.0047   -0.0007


val(:,:,11,18) =

    0.0105    0.0133   -0.0024
    0.0250    0.0194    0.0129
    0.0039    0.0034   -0.0042


val(:,:,12,18) =

   -0.0017   -0.0063   -0.0119
    0.0060    0.0027   -0.0091
    0.0066    0.0015   -0.0035


val(:,:,13,18) =

    0.0116    0.0050    0.0014
    0.0143    0.0072    0.0149
    0.0163    0.0069    0.0119


val(:,:,14,18) =

    0.0097   -0.0046   -0.0017
   -0.0010    0.0007   -0.0130
   -0.0223   -0.0091   -0.0063


val(:,:,15,18) =

   -0.0125    0.0069   -0.0036
   -0.0110    0.0059    0.0126
   -0.0016    0.0029   -0.0079


val(:,:,16,18) =

   -0.0103   -0.0133    0.0098
   -0.0057    0.0139   -0.0036
   -0.0041    0.0028    0.0213


val(:,:,1,19) =

    0.0095    0.0023   -0.0027
    0.0022   -0.0043    0.0003
    0.0047   -0.0139   -0.0004


val(:,:,2,19) =

    0.0112    0.0131    0.0122
    0.0021    0.0145    0.0056
   -0.0002   -0.0144    0.0018


val(:,:,3,19) =

    0.0037   -0.0456   -0.0625
    0.0422    0.0671    0.0308
   -0.0373   -0.0375   -0.0116


val(:,:,4,19) =

    0.0621    0.0368    0.0205
    0.0356    0.0435    0.0553
   -0.0116   -0.0298   -0.0061


val(:,:,5,19) =

    0.0182    0.0355    0.0441
    0.0214    0.0420    0.0323
   -0.0136   -0.0202    0.0078


val(:,:,6,19) =

   -0.0137   -0.0070    0.0044
    0.0134   -0.0057   -0.0162
   -0.0290   -0.0336    0.0113


val(:,:,7,19) =

    0.0680    0.0163   -0.0157
    0.0353    0.0410    0.0489
   -0.0169   -0.0162    0.0149


val(:,:,8,19) =

    0.0073   -0.0752   -0.0437
    0.0667    0.0918    0.0689
   -0.0183   -0.0137   -0.0116


val(:,:,9,19) =

    0.0038   -0.0075    0.0046
   -0.0020   -0.0170    0.0001
    0.0042   -0.0044    0.0087


val(:,:,10,19) =

    0.0031   -0.0048    0.0072
    0.0005   -0.0024    0.0041
   -0.0059    0.0113    0.0104


val(:,:,11,19) =

    0.0402    0.0218    0.0244
    0.0215    0.0440    0.0493
   -0.0524   -0.0455   -0.0064


val(:,:,12,19) =

    0.0029   -0.0208   -0.0122
    0.0074    0.0005   -0.0080
   -0.0026    0.0084    0.0180


val(:,:,13,19) =

    0.0042   -0.0337   -0.0404
    0.0516    0.0532    0.0347
   -0.0272    0.0101    0.0220


val(:,:,14,19) =

    0.0203    0.0110    0.0194
   -0.0175    0.0073   -0.0153
   -0.0019   -0.0297    0.0034


val(:,:,15,19) =

    0.0006    0.0081    0.0235
   -0.0242   -0.0286   -0.0193
    0.0240    0.0179   -0.0061


val(:,:,16,19) =

   -0.0192   -0.0050   -0.0090
    0.0446    0.0354    0.0101
    0.0247    0.0268    0.0330


val(:,:,1,20) =

    0.0197   -0.0013   -0.0172
    0.0063    0.0027   -0.0085
   -0.0023   -0.0010   -0.0050


val(:,:,2,20) =

   -0.0120   -0.0129    0.0039
   -0.0047   -0.0024    0.0074
    0.0074    0.0140    0.0039


val(:,:,3,20) =

    0.0105   -0.0311   -0.0205
   -0.0149   -0.0043   -0.0000
   -0.0053   -0.0010    0.0356


val(:,:,4,20) =

    0.0139   -0.0051    0.0045
   -0.0098    0.0040    0.0058
    0.0018    0.0162    0.0276


val(:,:,5,20) =

    0.0028    0.0014    0.0023
    0.0017    0.0110   -0.0132
    0.0012    0.0276    0.0346


val(:,:,6,20) =

   -0.0092    0.0171   -0.0092
    0.0044   -0.0158    0.0016
   -0.0194    0.0003   -0.0018


val(:,:,7,20) =

    0.0099   -0.0045   -0.0046
   -0.0250   -0.0072   -0.0138
   -0.0036   -0.0076    0.0195


val(:,:,8,20) =

    0.0049   -0.0086   -0.0113
   -0.0026   -0.0083   -0.0276
    0.0066    0.0269    0.0304


val(:,:,9,20) =

    0.0014   -0.0031    0.0128
   -0.0022    0.0068   -0.0120
   -0.0040    0.0148    0.0015


val(:,:,10,20) =

    0.0011    0.0029    0.0068
   -0.0115   -0.0144   -0.0028
    0.0010    0.0012    0.0148


val(:,:,11,20) =

    0.0050   -0.0042   -0.0189
   -0.0114   -0.0140   -0.0250
    0.0206    0.0157    0.0257


val(:,:,12,20) =

    0.0029    0.0045    0.0031
    0.0049   -0.0080   -0.0069
    0.0048   -0.0106    0.0020


val(:,:,13,20) =

   -0.0040   -0.0103   -0.0041
   -0.0059   -0.0311    0.0045
    0.0122    0.0045    0.0076


val(:,:,14,20) =

   -0.0018    0.0073   -0.0074
    0.0060   -0.0076    0.0050
    0.0129    0.0115    0.0192


val(:,:,15,20) =

   -0.0004    0.0027    0.0030
    0.0220    0.0151    0.0024
   -0.0010   -0.0132   -0.0132


val(:,:,16,20) =

    0.0058    0.0066   -0.0091
    0.0069   -0.0151   -0.0108
   -0.0088    0.0031    0.0119


val(:,:,1,21) =

   -0.0046   -0.0120   -0.0169
   -0.0112   -0.0207   -0.0011
    0.0007   -0.0044   -0.0240


val(:,:,2,21) =

   -0.0136   -0.0015    0.0080
   -0.0079   -0.0116    0.0032
   -0.0022    0.0089    0.0482


val(:,:,3,21) =

    0.0258   -0.0345    0.0028
    0.0303   -0.0226   -0.0037
    0.0184   -0.0150    0.0123


val(:,:,4,21) =

    0.0047   -0.0070    0.0092
   -0.0095   -0.0027    0.0017
   -0.0138   -0.0111    0.0010


val(:,:,5,21) =

   -0.0067   -0.0090   -0.0133
    0.0027   -0.0127    0.0037
    0.0008    0.0030    0.0427


val(:,:,6,21) =

   -0.0081   -0.0122    0.0142
   -0.0073   -0.0063    0.0254
    0.0119    0.0049    0.0312


val(:,:,7,21) =

    0.0140   -0.0087    0.0226
    0.0061   -0.0093   -0.0062
    0.0094    0.0097   -0.0017


val(:,:,8,21) =

    0.0162   -0.0262    0.0033
    0.0347   -0.0174    0.0037
    0.0200   -0.0275    0.0003


val(:,:,9,21) =

   -0.0083   -0.0072   -0.0146
   -0.0040    0.0059   -0.0155
   -0.0012    0.0008    0.0061


val(:,:,10,21) =

    0.0037   -0.0027    0.0246
   -0.0091   -0.0005    0.0257
   -0.0102    0.0029    0.0022


val(:,:,11,21) =

    0.0129   -0.0085   -0.0089
    0.0115   -0.0050    0.0085
    0.0143   -0.0077    0.0200


val(:,:,12,21) =

    0.0069    0.0038   -0.0023
   -0.0145   -0.0013   -0.0093
   -0.0047   -0.0051    0.0108


val(:,:,13,21) =

   -0.0013   -0.0174    0.0115
   -0.0074   -0.0069   -0.0108
    0.0028   -0.0089    0.0033


val(:,:,14,21) =

   -0.0039    0.0029    0.0182
   -0.0126   -0.0104    0.0104
    0.0004    0.0132   -0.0065


val(:,:,15,21) =

   -0.0054    0.0140   -0.0052
    0.0187    0.0050   -0.0090
   -0.0070   -0.0055   -0.0063


val(:,:,16,21) =

   -0.0038   -0.0099    0.0105
   -0.0155    0.0132    0.0112
   -0.0064    0.0035   -0.0006


val(:,:,1,22) =

   -0.0052   -0.0060    0.0060
   -0.0216    0.0068   -0.0013
    0.0145    0.0012   -0.0089


val(:,:,2,22) =

    0.0167    0.0324    0.0219
    0.0345    0.0314   -0.0072
   -0.0047    0.0078    0.0004


val(:,:,3,22) =

   -0.0107    0.0105    0.0126
    0.0163    0.0500    0.0256
    0.0406    0.0308   -0.0173


val(:,:,4,22) =

    0.0071    0.0285    0.0099
    0.0278    0.0070   -0.0027
    0.0132   -0.0135   -0.0108


val(:,:,5,22) =

   -0.0047    0.0338    0.0083
    0.0427    0.0149    0.0146
    0.0244   -0.0083   -0.0037


val(:,:,6,22) =

    0.0039    0.0277    0.0329
    0.0149    0.0320    0.0108
    0.0005    0.0161   -0.0153


val(:,:,7,22) =

   -0.0117   -0.0144    0.0011
   -0.0281   -0.0217   -0.0028
    0.0026    0.0034   -0.0285


val(:,:,8,22) =

   -0.0239    0.0222    0.0252
    0.0175    0.0583    0.0369
    0.0677    0.0302   -0.0327


val(:,:,9,22) =

    0.0120   -0.0134    0.0096
   -0.0056   -0.0077    0.0015
   -0.0009    0.0143    0.0143


val(:,:,10,22) =

    0.0074   -0.0028    0.0086
   -0.0030   -0.0018   -0.0088
   -0.0068   -0.0028   -0.0048


val(:,:,11,22) =

   -0.0114    0.0248    0.0420
    0.0288    0.0455    0.0088
    0.0120    0.0063   -0.0180


val(:,:,12,22) =

   -0.0065    0.0036    0.0053
   -0.0025   -0.0135   -0.0044
    0.0086    0.0007   -0.0103


val(:,:,13,22) =

   -0.0079    0.0228    0.0152
    0.0129    0.0271    0.0124
    0.0215    0.0125   -0.0067


val(:,:,14,22) =

    0.0088    0.0009    0.0090
    0.0018    0.0094    0.0179
    0.0071   -0.0055    0.0041


val(:,:,15,22) =

    0.0234    0.0037   -0.0296
   -0.0197   -0.0198   -0.0112
   -0.0398   -0.0127   -0.0084


val(:,:,16,22) =

   -0.0069    0.0051   -0.0111
   -0.0120    0.0104    0.0040
   -0.0068   -0.0082    0.0063


val(:,:,1,23) =

   -0.0159    0.0045    0.0062
   -0.0080    0.0126   -0.0073
   -0.0114   -0.0036   -0.0045


val(:,:,2,23) =

    0.0113    0.0080   -0.0085
    0.0010   -0.0113    0.0099
    0.0045    0.0081    0.0090


val(:,:,3,23) =

    0.0132   -0.0044    0.0074
    0.0045   -0.0152   -0.0045
    0.0085   -0.0047    0.0024


val(:,:,4,23) =

    0.0103   -0.0089   -0.0188
    0.0158   -0.0072    0.0031
   -0.0014    0.0190   -0.0029


val(:,:,5,23) =

   -0.0011    0.0156   -0.0031
   -0.0172   -0.0174   -0.0016
   -0.0147    0.0156   -0.0030


val(:,:,6,23) =

   -0.0100    0.0038   -0.0005
    0.0066    0.0095    0.0138
   -0.0034    0.0044   -0.0105


val(:,:,7,23) =

   -0.0101    0.0056   -0.0056
   -0.0011   -0.0056    0.0207
   -0.0180   -0.0027   -0.0058


val(:,:,8,23) =

    0.0003    0.0006   -0.0027
   -0.0047    0.0069   -0.0180
    0.0029   -0.0111    0.0045


val(:,:,9,23) =

    0.0083    0.0042    0.0042
    0.0031   -0.0061   -0.0169
   -0.0093   -0.0023   -0.0093


val(:,:,10,23) =

   -0.0049   -0.0016    0.0030
    0.0026   -0.0048   -0.0090
   -0.0022    0.0189    0.0049


val(:,:,11,23) =

   -0.0217    0.0056   -0.0131
    0.0097   -0.0167    0.0032
   -0.0215   -0.0015   -0.0054


val(:,:,12,23) =

   -0.0052    0.0079    0.0124
    0.0163   -0.0083    0.0044
   -0.0109   -0.0044    0.0043


val(:,:,13,23) =

    0.0119    0.0041   -0.0173
   -0.0061    0.0019   -0.0091
   -0.0013    0.0095   -0.0120


val(:,:,14,23) =

   -0.0160   -0.0107   -0.0125
    0.0059   -0.0019    0.0039
   -0.0047   -0.0172   -0.0171


val(:,:,15,23) =

    0.0121   -0.0098    0.0092
   -0.0159   -0.0038    0.0096
   -0.0028    0.0022   -0.0064


val(:,:,16,23) =

   -0.0017    0.0089   -0.0115
    0.0022   -0.0167   -0.0094
    0.0166   -0.0072    0.0079


val(:,:,1,24) =

    0.0070    0.0146    0.0027
    0.0165    0.0363    0.0171
   -0.0026   -0.0036    0.0010


val(:,:,2,24) =

   -0.0018    0.0115    0.0072
   -0.0139    0.0020   -0.0212
    0.0128   -0.0148   -0.0126


val(:,:,3,24) =

    0.0171    0.0738   -0.0100
   -0.0487    0.0371    0.0511
   -0.0688   -0.0061    0.0204


val(:,:,4,24) =

    0.0267    0.0201    0.0165
   -0.0142    0.0055    0.0313
   -0.0276   -0.0050    0.0131


val(:,:,5,24) =

    0.0041    0.0326   -0.0000
   -0.0082    0.0016    0.0059
   -0.0263    0.0019    0.0030


val(:,:,6,24) =

    0.0077   -0.0033   -0.0432
    0.0149    0.0312   -0.0028
   -0.0024    0.0190    0.0153


val(:,:,7,24) =

    0.0518    0.0708    0.0206
   -0.0360    0.0708    0.0703
   -0.0339   -0.0193    0.0307


val(:,:,8,24) =

    0.0388    0.0513   -0.0557
   -0.0642    0.0776    0.0866
   -0.0906    0.0046    0.0595


val(:,:,9,24) =

   -0.0065   -0.0115    0.0051
   -0.0106   -0.0022   -0.0052
   -0.0029    0.0010    0.0076


val(:,:,10,24) =

    0.0175    0.0104   -0.0120
    0.0343    0.0470    0.0071
   -0.0070    0.0128    0.0108


val(:,:,11,24) =

    0.0222    0.0278   -0.0101
   -0.0421   -0.0037    0.0387
   -0.0239   -0.0117    0.0111


val(:,:,12,24) =

   -0.0176   -0.0228   -0.0081
   -0.0028   -0.0067    0.0084
    0.0035   -0.0049   -0.0084


val(:,:,13,24) =

    0.0303    0.0225   -0.0196
    0.0023    0.0489    0.0429
   -0.0257    0.0202    0.0453


val(:,:,14,24) =

   -0.0072   -0.0124   -0.0040
   -0.0067   -0.0189   -0.0037
    0.0059    0.0062   -0.0103


val(:,:,15,24) =

   -0.0229   -0.0198    0.0078
    0.0225   -0.0350   -0.0097
    0.0285   -0.0083   -0.0185


val(:,:,16,24) =

    0.0155    0.0046   -0.0072
    0.0299    0.0267    0.0158
    0.0020    0.0066    0.0378


val(:,:,1,25) =

    0.0042   -0.0019   -0.0136
    0.0089   -0.0062   -0.0019
    0.0089    0.0003    0.0068


val(:,:,2,25) =

    0.0067   -0.0007   -0.0186
   -0.0039   -0.0160   -0.0006
   -0.0119   -0.0149    0.0021


val(:,:,3,25) =

   -0.0070   -0.0269   -0.0296
    0.0290    0.0029   -0.0238
    0.0265    0.0262    0.0268


val(:,:,4,25) =

    0.0089   -0.0016    0.0031
    0.0180    0.0196    0.0168
    0.0010    0.0066    0.0277


val(:,:,5,25) =

   -0.0157    0.0044   -0.0103
   -0.0030    0.0142    0.0186
    0.0042   -0.0076    0.0227


val(:,:,6,25) =

    0.0001   -0.0321   -0.0009
   -0.0134   -0.0066   -0.0083
    0.0087   -0.0003   -0.0089


val(:,:,7,25) =

    0.0022   -0.0101   -0.0082
    0.0323    0.0115    0.0003
   -0.0037    0.0404    0.0155


val(:,:,8,25) =

   -0.0197   -0.0409   -0.0387
    0.0526   -0.0037   -0.0161
    0.0507    0.0472    0.0503


val(:,:,9,25) =

   -0.0013   -0.0050   -0.0157
   -0.0012    0.0082    0.0060
   -0.0131   -0.0069    0.0058


val(:,:,10,25) =

   -0.0006   -0.0037   -0.0137
    0.0109   -0.0065    0.0011
    0.0003    0.0100    0.0017


val(:,:,11,25) =

    0.0212   -0.0166   -0.0125
    0.0241    0.0076    0.0142
    0.0077    0.0266    0.0116


val(:,:,12,25) =

   -0.0086    0.0051   -0.0012
    0.0045    0.0085   -0.0108
    0.0096    0.0035    0.0029


val(:,:,13,25) =

   -0.0002   -0.0118   -0.0127
    0.0263    0.0033   -0.0171
    0.0116    0.0332    0.0119


val(:,:,14,25) =

   -0.0090   -0.0095    0.0086
    0.0004   -0.0052    0.0060
   -0.0205    0.0040   -0.0074


val(:,:,15,25) =

    0.0004   -0.0062    0.0114
   -0.0221    0.0102    0.0051
    0.0081   -0.0202    0.0065


val(:,:,16,25) =

    0.0094   -0.0173    0.0052
   -0.0029   -0.0175    0.0029
    0.0274    0.0203   -0.0077


val(:,:,1,26) =

    0.0163    0.0009    0.0066
    0.0177   -0.0034    0.0003
    0.0029    0.0026    0.0004


val(:,:,2,26) =

    0.0083   -0.0220   -0.0001
    0.0072   -0.0254   -0.0119
    0.0162   -0.0046    0.0018


val(:,:,3,26) =

    0.0277    0.0383   -0.0368
    0.0105    0.0647   -0.0482
   -0.0052    0.0537   -0.0197


val(:,:,4,26) =

    0.0047   -0.0073    0.0009
    0.0055   -0.0011    0.0016
   -0.0025   -0.0152   -0.0073


val(:,:,5,26) =

   -0.0055    0.0028    0.0037
   -0.0101   -0.0073   -0.0265
   -0.0022    0.0023    0.0027


val(:,:,6,26) =

    0.0049   -0.0271   -0.0123
    0.0470   -0.0009   -0.0138
    0.0617    0.0053   -0.0196


val(:,:,7,26) =

    0.0434    0.0261   -0.0020
    0.0234    0.0657    0.0224
   -0.0099    0.0420    0.0215


val(:,:,8,26) =

    0.0608    0.0467   -0.0637
    0.0109    0.0766   -0.0272
    0.0126    0.0888   -0.0075


val(:,:,9,26) =

   -0.0036    0.0025    0.0076
    0.0047   -0.0156   -0.0008
   -0.0043   -0.0028   -0.0049


val(:,:,10,26) =

    0.0317   -0.0161   -0.0354
    0.0464    0.0011   -0.0115
    0.0335    0.0062    0.0043


val(:,:,11,26) =

    0.0175    0.0132   -0.0358
   -0.0251    0.0093   -0.0030
   -0.0021    0.0343    0.0098


val(:,:,12,26) =

    0.0092   -0.0064   -0.0005
   -0.0026   -0.0032   -0.0000
   -0.0011    0.0081    0.0085


val(:,:,13,26) =

    0.0290    0.0053    0.0003
    0.0151    0.0040   -0.0178
    0.0119    0.0160   -0.0146


val(:,:,14,26) =

    0.0023    0.0022   -0.0114
    0.0061   -0.0100   -0.0101
    0.0248    0.0089   -0.0188


val(:,:,15,26) =

   -0.0139   -0.0077    0.0288
   -0.0009   -0.0255    0.0117
   -0.0099   -0.0298    0.0045


val(:,:,16,26) =

    0.0159    0.0065   -0.0093
    0.0168   -0.0176    0.0032
   -0.0047   -0.0223    0.0020


val(:,:,1,27) =

    0.0016    0.0043   -0.0111
    0.0016    0.0059    0.0046
    0.0063   -0.0093   -0.0060


val(:,:,2,27) =

   -0.0031   -0.0119    0.0070
   -0.0054   -0.0012    0.0078
   -0.0021   -0.0176    0.0125


val(:,:,3,27) =

    0.0693    0.0167   -0.0319
    0.0576    0.0042   -0.0205
    0.0689    0.0125   -0.0387


val(:,:,4,27) =

   -0.0282   -0.0328   -0.0243
   -0.0179   -0.0286   -0.0238
   -0.0163   -0.0092   -0.0051


val(:,:,5,27) =

   -0.0140   -0.0180   -0.0092
    0.0069   -0.0188   -0.0094
   -0.0217   -0.0049   -0.0133


val(:,:,6,27) =

    0.0445   -0.0143   -0.0251
    0.0248    0.0028   -0.0197
    0.0273   -0.0209    0.0163


val(:,:,7,27) =

    0.0187   -0.0026   -0.0314
    0.0108   -0.0067   -0.0353
    0.0204    0.0048   -0.0524


val(:,:,8,27) =

    0.0885    0.0203   -0.0251
    0.0882   -0.0044   -0.0480
    0.0662   -0.0137   -0.0407


val(:,:,9,27) =

    0.0089   -0.0164    0.0066
   -0.0121   -0.0001    0.0072
   -0.0024   -0.0057    0.0109


val(:,:,10,27) =

    0.0228   -0.0042   -0.0112
    0.0226   -0.0215   -0.0167
   -0.0120   -0.0007   -0.0092


val(:,:,11,27) =

    0.0162   -0.0035   -0.0507
    0.0179   -0.0126   -0.0353
    0.0379   -0.0154   -0.0165


val(:,:,12,27) =

    0.0074   -0.0000    0.0146
    0.0046   -0.0091    0.0068
   -0.0098    0.0107   -0.0032


val(:,:,13,27) =

    0.0301    0.0098   -0.0050
    0.0065   -0.0190   -0.0130
    0.0230   -0.0056   -0.0224


val(:,:,14,27) =

    0.0029   -0.0165   -0.0209
   -0.0045   -0.0137   -0.0021
   -0.0088    0.0004   -0.0090


val(:,:,15,27) =

    0.0019    0.0001    0.0301
   -0.0116    0.0085    0.0322
   -0.0153    0.0121    0.0103


val(:,:,16,27) =

    0.0060   -0.0113   -0.0079
   -0.0120   -0.0131   -0.0027
    0.0016   -0.0241   -0.0022


val(:,:,1,28) =

    0.0051    0.0026    0.0170
    0.0094    0.0121    0.0136
    0.0076    0.0162    0.0025


val(:,:,2,28) =

   -0.0075    0.0109    0.0182
    0.0078    0.0279   -0.0093
   -0.0153   -0.0142   -0.0066


val(:,:,3,28) =

   -0.0485   -0.0314    0.0001
    0.0254    0.0443    0.0345
    0.0469    0.0096    0.0412


val(:,:,4,28) =

    0.0246    0.0370    0.0190
    0.0600    0.0506    0.0135
    0.0111   -0.0000    0.0049


val(:,:,5,28) =

    0.0127    0.0289    0.0254
    0.0486    0.0482    0.0360
    0.0006    0.0166    0.0106


val(:,:,6,28) =

   -0.0045    0.0023    0.0107
    0.0122    0.0115    0.0022
   -0.0112   -0.0114    0.0023


val(:,:,7,28) =

   -0.0291   -0.0355   -0.0072
    0.0341   -0.0090    0.0198
    0.0044    0.0093    0.0148


val(:,:,8,28) =

   -0.0785   -0.0329    0.0303
    0.0605    0.0647    0.0368
    0.0789    0.0421    0.0460


val(:,:,9,28) =

   -0.0151   -0.0032   -0.0043
   -0.0076    0.0047    0.0093
    0.0082    0.0079    0.0040


val(:,:,10,28) =

   -0.0093   -0.0103   -0.0053
    0.0101    0.0058    0.0159
   -0.0042    0.0076   -0.0099


val(:,:,11,28) =

   -0.0189   -0.0053    0.0421
    0.0648    0.0440    0.0260
   -0.0029    0.0192    0.0052


val(:,:,12,28) =

    0.0011    0.0026   -0.0100
    0.0096    0.0094    0.0035
    0.0314    0.0001    0.0056


val(:,:,13,28) =

   -0.0393   -0.0114   -0.0093
    0.0276    0.0298    0.0057
    0.0455    0.0157    0.0193


val(:,:,14,28) =

    0.0075    0.0226    0.0058
    0.0220    0.0206    0.0042
    0.0038   -0.0203    0.0125


val(:,:,15,28) =

    0.0204    0.0159    0.0065
   -0.0314   -0.0144   -0.0215
   -0.0001   -0.0184    0.0146


val(:,:,16,28) =

   -0.0135   -0.0151   -0.0159
   -0.0170   -0.0063    0.0080
    0.0005    0.0077    0.0037


val(:,:,1,29) =

    0.0025   -0.0159   -0.0090
   -0.0020    0.0075    0.0081
    0.0075   -0.0129    0.0152


val(:,:,2,29) =

   -0.0042   -0.0210   -0.0058
    0.0003    0.0059   -0.0116
   -0.0133    0.0026   -0.0144


val(:,:,3,29) =

    0.0199    0.0084   -0.0239
    0.0487   -0.0106   -0.0088
    0.0316   -0.0308   -0.0198


val(:,:,4,29) =

    0.0194   -0.0117   -0.0183
   -0.0099   -0.0194   -0.0023
   -0.0020   -0.0195   -0.0097


val(:,:,5,29) =

   -0.0114   -0.0098   -0.0062
   -0.0018   -0.0291   -0.0188
   -0.0096   -0.0226   -0.0124


val(:,:,6,29) =

    0.0247   -0.0186   -0.0086
    0.0146   -0.0185   -0.0101
   -0.0000    0.0115   -0.0051


val(:,:,7,29) =

    0.0124   -0.0242   -0.0100
    0.0012   -0.0257   -0.0065
    0.0042   -0.0086   -0.0153


val(:,:,8,29) =

    0.0362    0.0014   -0.0068
    0.0478   -0.0243   -0.0311
    0.0568   -0.0297   -0.0131


val(:,:,9,29) =

    0.0139    0.0159    0.0003
   -0.0029   -0.0050    0.0077
    0.0111   -0.0067    0.0051


val(:,:,10,29) =

   -0.0008   -0.0135   -0.0087
   -0.0002   -0.0027   -0.0242
   -0.0107   -0.0074   -0.0011


val(:,:,11,29) =

    0.0129   -0.0089   -0.0151
    0.0011   -0.0064   -0.0267
    0.0075   -0.0260   -0.0301


val(:,:,12,29) =

    0.0023   -0.0095    0.0109
    0.0037   -0.0125   -0.0286
   -0.0076   -0.0033   -0.0237


val(:,:,13,29) =

    0.0176    0.0100    0.0049
   -0.0005    0.0037   -0.0081
    0.0048   -0.0129   -0.0057


val(:,:,14,29) =

   -0.0067   -0.0004   -0.0217
   -0.0182   -0.0110   -0.0127
    0.0032   -0.0108   -0.0080


val(:,:,15,29) =

    0.0082    0.0197    0.0388
    0.0267    0.0337    0.0468
    0.0130    0.0332    0.0443


val(:,:,16,29) =

   -0.0040   -0.0042   -0.0113
   -0.0070   -0.0234   -0.0053
    0.0028   -0.0054   -0.0108


val(:,:,1,30) =

   -0.0058    0.0042    0.0192
    0.0141    0.0054   -0.0001
   -0.0025   -0.0121    0.0055


val(:,:,2,30) =

    0.0214   -0.0042   -0.0109
    0.0410    0.0062    0.0055
    0.0073   -0.0056    0.0027


val(:,:,3,30) =

    0.0057    0.0639    0.0400
    0.0149    0.0726   -0.0006
    0.0127    0.0431   -0.0271


val(:,:,4,30) =

    0.0059    0.0055    0.0192
    0.0447   -0.0096   -0.0255
   -0.0144    0.0036   -0.0157


val(:,:,5,30) =

   -0.0039    0.0189    0.0093
    0.0210    0.0058   -0.0152
    0.0435   -0.0019   -0.0257


val(:,:,6,30) =

    0.0365    0.0229    0.0067
    0.0629    0.0246   -0.0118
    0.0260    0.0218   -0.0031


val(:,:,7,30) =

   -0.0122    0.0115    0.0234
    0.0062    0.0241   -0.0035
   -0.0157   -0.0002   -0.0148


val(:,:,8,30) =

   -0.0060    0.0657    0.0791
    0.0444    0.1130    0.0377
    0.0523    0.0418   -0.0499


val(:,:,9,30) =

    0.0012   -0.0029   -0.0182
   -0.0036    0.0119    0.0022
    0.0193    0.0030    0.0175


val(:,:,10,30) =

    0.0253    0.0024    0.0111
    0.0188    0.0103   -0.0184
    0.0110   -0.0112   -0.0073


val(:,:,11,30) =

    0.0327    0.0335    0.0479
    0.0436    0.0301   -0.0017
    0.0250    0.0194   -0.0269


val(:,:,12,30) =

    0.0029    0.0098   -0.0059
   -0.0120   -0.0087    0.0006
    0.0051    0.0144   -0.0085


val(:,:,13,30) =

   -0.0019    0.0222    0.0239
    0.0279    0.0206    0.0119
    0.0053    0.0112   -0.0055


val(:,:,14,30) =

    0.0188    0.0249    0.0004
    0.0065    0.0096   -0.0363
    0.0107   -0.0054   -0.0103


val(:,:,15,30) =

   -0.0084   -0.0373   -0.0302
   -0.0233   -0.0458   -0.0121
   -0.0180   -0.0067    0.0199


val(:,:,16,30) =

    0.0006   -0.0086    0.0081
    0.0069   -0.0106    0.0104
    0.0072   -0.0119    0.0056


val(:,:,1,31) =

    0.0036   -0.0024   -0.0030
   -0.0084    0.0132   -0.0084
   -0.0174    0.0057   -0.0083


val(:,:,2,31) =

   -0.0099   -0.0080    0.0012
   -0.0056   -0.0075   -0.0021
   -0.0053    0.0088   -0.0142


val(:,:,3,31) =

   -0.0207   -0.0015    0.0223
   -0.0063    0.0148    0.0169
   -0.0090    0.0031    0.0256


val(:,:,4,31) =

    0.0177    0.0027    0.0155
   -0.0173   -0.0004    0.0083
    0.0041   -0.0028   -0.0137


val(:,:,5,31) =

    0.0012   -0.0011    0.0158
   -0.0002    0.0059   -0.0109
   -0.0047    0.0006   -0.0014


val(:,:,6,31) =

   -0.0014    0.0148    0.0091
   -0.0017    0.0169    0.0201
   -0.0006    0.0217    0.0225


val(:,:,7,31) =

   -0.0206    0.0269   -0.0094
   -0.0159   -0.0066    0.0030
   -0.0215   -0.0077    0.0250


val(:,:,8,31) =

   -0.0130    0.0021   -0.0049
    0.0001   -0.0089    0.0223
   -0.0251   -0.0272    0.0207


val(:,:,9,31) =

   -0.0053    0.0006   -0.0216
   -0.0040   -0.0012   -0.0085
    0.0126    0.0003   -0.0016


val(:,:,10,31) =

   -0.0009   -0.0183   -0.0162
   -0.0099   -0.0134   -0.0041
   -0.0005    0.0077   -0.0000


val(:,:,11,31) =

   -0.0083    0.0082    0.0123
   -0.0082   -0.0117    0.0075
   -0.0047    0.0070    0.0342


val(:,:,12,31) =

   -0.0006    0.0139   -0.0024
    0.0041   -0.0137   -0.0012
    0.0001   -0.0100   -0.0015


val(:,:,13,31) =

   -0.0026   -0.0073    0.0092
   -0.0156    0.0058    0.0039
   -0.0202   -0.0250    0.0122


val(:,:,14,31) =

   -0.0123    0.0083    0.0090
   -0.0005   -0.0031    0.0006
   -0.0013    0.0264    0.0026


val(:,:,15,31) =

   -0.0112    0.0043   -0.0098
    0.0149    0.0009   -0.0218
    0.0146    0.0083   -0.0215


val(:,:,16,31) =

    0.0201    0.0031    0.0160
    0.0064    0.0085   -0.0021
   -0.0150   -0.0005   -0.0043


val(:,:,1,32) =

   -0.0022   -0.0166    0.0200
   -0.0021    0.0129    0.0145
    0.0002    0.0017   -0.0087


val(:,:,2,32) =

    0.0088   -0.0075    0.0018
   -0.0043   -0.0138   -0.0109
   -0.0050   -0.0102   -0.0197


val(:,:,3,32) =

    0.0303    0.0311    0.0291
    0.0168    0.0201    0.0048
    0.0162    0.0363    0.0314


val(:,:,4,32) =

   -0.0194   -0.0086   -0.0009
   -0.0200    0.0065    0.0197
   -0.0103    0.0087    0.0078


val(:,:,5,32) =

   -0.0146   -0.0114    0.0268
    0.0058   -0.0054    0.0052
    0.0116    0.0119   -0.0016


val(:,:,6,32) =

    0.0199   -0.0106    0.0067
    0.0112   -0.0078    0.0070
    0.0029    0.0295    0.0010


val(:,:,7,32) =

    0.0030    0.0009    0.0125
    0.0075    0.0216    0.0111
    0.0114    0.0172    0.0135


val(:,:,8,32) =

    0.0157    0.0343    0.0193
    0.0145    0.0317    0.0193
    0.0114    0.0281    0.0108


val(:,:,9,32) =

   -0.0185    0.0166   -0.0157
   -0.0180    0.0191   -0.0019
   -0.0088   -0.0029    0.0081


val(:,:,10,32) =

    0.0378   -0.0103    0.0159
    0.0249   -0.0024   -0.0027
    0.0039   -0.0057   -0.0022


val(:,:,11,32) =

    0.0007    0.0158    0.0057
    0.0095    0.0010    0.0201
   -0.0059    0.0182   -0.0034


val(:,:,12,32) =

   -0.0064   -0.0038    0.0136
   -0.0105   -0.0050   -0.0028
   -0.0010    0.0115    0.0209


val(:,:,13,32) =

    0.0207    0.0075    0.0237
    0.0211    0.0178    0.0087
   -0.0063    0.0191    0.0103


val(:,:,14,32) =

   -0.0019   -0.0015   -0.0061
   -0.0003    0.0006   -0.0073
    0.0103    0.0056    0.0031


val(:,:,15,32) =

   -0.0073   -0.0286   -0.0059
   -0.0252   -0.0052   -0.0036
   -0.0163   -0.0111   -0.0109


val(:,:,16,32) =

    0.0024    0.0040    0.0007
    0.0019   -0.0034   -0.0038
    0.0146    0.0170    0.0162

